60089
220318
228525
231275
231951
233019
237749
237754
238222
240630
241160
243121
244844
247560
248787
250363
250419
251407
256717
257814
266890
271492
272190
272515
277616
280294
280510
282001
283644
288885
289240
289712
290659
291480
291874
299540
301051
302113
303657
304719
308653
308663
308989
309927
316873
317134
317716
317792
320163
323071
324164
328085
331936
337243
342584
347338
348521
348831
348834
351113
351441
351914
353554
353942
365281
366140
368293
370782
371402
374371
377798
378802
380617
380969
388172
389665
391187
392805
398521
410451
412082
418514
421850
422951
426558
431611
432421
435044
437203
438447
439890
442354
442365
446253
456239
456335
456956
456996
457570
459701
460819
461822
465575
468908
475110
475117
476719
478165
480006
480715
484064
485681
486392
492574
495476
495693
499980
506624
510089
513688
526854
531761
534161
536660
537561
538828
546841
547844
548599
551453
551520
551894
554331
556697
557796
560323
563928
564989
566142
570050
570354
570544
576591
592449
